Hier soll StiviK's Haus hin:
X: 870.36956787109

Y: -24.911022186279

Z: 63.988006591797